1720.1871789 0.05 1.7 1.5 1.0471975512 39372.7196041 40217.0119093
1946.59488783 0.05 1.7 1.5 1.25663706144 38565.5162786 25342.4001826
1795.11178202 0.05 1.7 1.5 1.46607657168 37449.3780641 14303.6945801
1520.69477856 0.05 1.7 1.5 1.67551608191 36551.5458943 7847.17225137
1210.91703336 0.05 1.7 1.5 1.88495559215 35496.0234667 4843.70313228
1365.41634667 0.05 3.0 1.5 4.18879020479 6646.18631725 5239.52056485
1381.25707401 0.05 3.0 1.5 4.39822971503 6535.5924195 3238.07365134
1241.41498956 0.05 3.0 1.5 4.60766922527 6388.99106062 1870.1802163
1047.11406047 0.05 3.0 1.5 4.8171087355 6276.44623813 1146.61858489
1000.80558118 0.05 5.0 1.5 0.418879020479 1311.35099946 881.852377454
1014.24809403 0.05 5.0 1.5 0.628318530718 1294.6225252 570.479961501
2314.32142779 0.1 1.7 1.5 0.209439510239 37770.8522831 17361.1150222
1909.69226917 0.1 1.7 1.5 0.837758040957 39372.9588637 110572.948236
2668.58546356 0.1 1.7 1.5 1.0471975512 39140.4256715 80944.735917
2732.95022192 0.1 1.7 1.5 1.25663706144 36550.6555037 55104.0691746
2498.92694967 0.1 1.7 1.5 1.46607657168 34474.8558092 29149.0481978
2118.85300184 0.1 1.7 1.5 1.67551608191 33420.9650199 15868.3952186
1698.59537464 0.1 1.7 1.5 1.88495559215 32877.1948972 9507.05802003
1246.69766968 0.1 1.7 1.5 2.09439510239 32189.0328602 6139.01406697
2106.86577767 0.1 1.7 1.5 2.93215314335 37169.6544929 27122.9732456
1633.98583854 0.1 1.7 1.5 3.14159265359 39352.939621 84540.4844259
2339.62805262 0.1 1.7 1.5 3.35103216383 41087.1260646 71535.3362319
1163.46363076 0.1 1.7 1.5 4.60766922527 43928.0628199 1026.30689707
1267.79127175 0.1 1.7 1.5 4.8171087355 41888.5487514 1131.41961227
1297.40592563 0.1 1.7 1.5 5.02654824574 40689.8718509 1282.0285854
1229.65948186 0.1 1.7 1.5 5.23598775598 38800.7115944 1672.35560029
1122.7551831 0.1 1.7 1.5 5.44542726622 37133.1816126 2042.52234224
